UNIX
../data/clim/ORNL/par/
../data/clim_stats/
../data/soil/global/islscp2/2deg/0-150_plus_CtoN_soilP
../data/land_use/
../data/co2/ORNL_co2_amb_daily.dat
-28.82
../data/
2
1 1 1 0 0 0
1 4 0 0 0

./output/spin/
./output/amb/

0 0 0 
1998 2008
PIXEL DAILY 11 int gpp npp lfl lfn nps swf lai tmp prc hum srp rsp nep swc pet ssm evt trn bse rof qdr qdf lrg str rtr lrm lbm sbm rbm dln dsn drn fpr int cga lgb cgc kgb c01 c02 c03 c04 c05 c06 c07 c08 f01 f02 f03 f04 f05 f06 f07 f08 f09 f10 f11 f12 f13 f14 f15 tls wls
SUBPIXEL MONTHLY 10 gpp lai bud cov npp lfn lfl
SNAPSHOTS 2001 2007

BARE  1.0
CITY  0.0

C3    1.0 1 1 0.0   0   2 0.405 7.20 1.7  0.00750   360 360 360  0.005 0.050  21 1.0  8.0 110.0 21  5 -40.0   50.0 0.000 0.000 0.10 0.95 0.0 11.0 29.1 1.63 0.005 6.0
C4    1.0 2 1 0.0   0   2 0.405 7.20 1.7  0.00750   360 360 360  0.005 0.050  21 1.0  8.0 110.0 21  5 -40.0   50.0 0.000 0.000 0.10 0.95 0.0 11.0 29.1 1.63 0.005 6.0
Crop  1.0 1 1 1.0 180   1 0.405 7.20 1.7  0.01500   180 360 360  0.003 0.030  21 1.0  8.0 110.0 21  5   0.0   50.0 0.000 0.000 0.10 1.0  0.0 11.0 29.1 1.63 0.005 6.0
Ev_Bl 1.0 1 2 0.0   0 200 0.405 7.20 2.2  0.00500  1800 360 360  0.003 0.100  21 1.0  8.0 110.0 21  5 -10.0  200.0 0.010 0.004 0.10 0.9  0.0 11.0 29.1 1.63 0.005 6.0
Ev_Nl 1.0 1 2 0.0   0 200 0.275 1.10 3.6  0.00500  1800 360 360  0.003 0.100  21 1.0  8.0 110.0 21  5 -50.0  200.0 0.010 0.004 0.10 0.65 0.0 11.0 29.1 1.63 0.005 6.0
Dc_Bl 1.0 1 2 0.0   0 200 0.375 5.50 2.2  0.01500   210 360 360  0.003 0.250  21 1.0  8.0 120.0 21  5   0.0  100.0 0.010 0.004 0.10 0.85 0.0 11.0 29.1 1.63 0.005 6.0
Dc_Nl 1.0 1 2 0.0   0 200 0.240 0.83 3.6  0.01500   210 360 360  0.003 0.250  21 1.0  8.0 110.0 21  5   0.0  100.0 0.010 0.004 0.10 0.55 0.0 11.0 29.1 1.63 0.005 6.0
Dc_Bl_O 1.0 1 2 0.0   0 200 0.519 5.50 2.2  0.0116  210 360 360  0.003 0.250  21 1.0  8.0 120.0 21  5   0.0  100.0 0.010 0.004 0.10 0.85 8.4 20.49 -2.89 1.97 0.005 6.0

1   100 Dc_Bl
2   100 Dc_Bl_O 
3   100 C3
4   100 C4

0.05 0.5 1000

35.9 -84.33

21 55 1.4 0.9 0.2 0.366 0.42 200.0  

1
1850 2
1851 4
1852 -1
1943 3 
1987 0
1988 2 
